# Created by Octave 3.2.4, Sat May 26 00:14:14 2012 India Standard Time <unknown@unknown>
# name: mypart
# type: matrix
# rows: 1
# columns: 10
 6.1101 5.5277 8.518599999999999 7.0032 5.8598 8.382899999999999 7.4764 8.578099999999999 6.4862 5.0546
